example of emoji_dict['웃는 얼굴']

{'eng': 'smiling face',
 'ko': array([ 4.16951515e-02, -3.38831395e-02,  4.17252600e-01, -2.70033721e-03,
         8.99069071e-01, -2.77797550e-01, -8.60771596e-01,  1.78091973e-01,
         1.10322013e-01, -6.74004853e-02,  7.53462970e-01,  7.03701451e-02,
        -6.62261024e-02,  1.16329230e-01,  9.19705331e-02, -7.47639894e-01,
         7.66373098e-01,  9.27480161e-02,  1.37645826e-01, -4.36634533e-02,
         1.33001491e-01, -1.10968621e-02,  1.42520502e-01, -7.13627696e-01,
         9.79613289e-02, -7.16154099e-01,  7.19631135e-01, -1.85888051e-03,
         9.95821774e-01,  1.15622496e-02,  8.01016808e-01, -9.27929163e-01,
        -1.47303194e-01, -3.27599188e-03, -8.91792595e-01, -6.95217609e-01,
        -1.01079943e-03, -3.71900946e-02,  1.47242963e-01, -5.06776422e-02,
         4.98965159e-02, -1.55054275e-02, -5.60129769e-02, -1.47023499e-01,
         9.99740541e-01, -2.87726931e-02, -5.08124471e-01, -1.39443219e-01,
         9.99997318e-01, -9.97674406e-01, -5.38575768e-01,  1.00000000e+00,
         9.99912560e-01,  1.88156068e-02, -4.04499471e-02,  9.64966416e-01,
         1.79240461e-02,  9.51227725e-01, -9.04734135e-02,  2.92025413e-02,
        -4.34903465e-02, -5.36155440e-02, -9.92514849e-01,  7.72061422e-02,
        -1.56727340e-02,  1.69425854e-03, -1.13590978e-01,  1.09448582e-01,
        -3.13338563e-02, -2.63822712e-02, -9.97702658e-01, -1.65815786e-01,
        -3.20002973e-01, -1.30010635e-01,  8.47067118e-01,  2.04563830e-02,
         2.22695440e-01,  9.69622731e-02, -4.97394800e-01,  1.17434770e-01,
         7.38590956e-02, -5.86291850e-01,  7.00264096e-01, -8.20796311e-01,
        -6.69169948e-02, -5.46599813e-02,  3.97628471e-02, -1.20060556e-01,
        -7.29311347e-01, -8.63520861e-01,  4.67390642e-02, -7.84357116e-02,
         5.57115488e-02, -1.21697292e-01, -2.37667356e-02,  9.50664133e-02,
         4.08907011e-02, -7.09569827e-02,  1.75636411e-01,  9.10886526e-01,
         9.02716443e-02, -1.57014534e-01, -3.03854793e-02, -9.57516395e-03,
         7.59192586e-01, -4.31565382e-02, -5.52547723e-02, -7.32666552e-02,
         2.00043693e-01,  6.28790110e-02, -1.33104771e-01,  1.33595625e-02,
         9.37475383e-01,  1.70858856e-02,  6.10481977e-01, -3.94843490e-04,
         5.13426103e-02, -4.22870032e-02,  1.35794073e-01, -9.44000483e-02,
         1.67990208e-01,  2.55181547e-02,  4.70109373e-01, -9.94260907e-01,
         1.00000000e+00,  3.19296382e-02, -8.67504120e-01,  9.29785669e-02,
        -1.53336167e-01,  4.25445102e-02,  1.22702114e-01, -3.49639989e-02,
         1.68031067e-01,  5.15838526e-02,  7.99592808e-02,  6.95381537e-02,
        -9.10973191e-01,  8.70298445e-02,  2.46866662e-02, -5.32144867e-02,
        -9.68769789e-02, -1.30931944e-01, -2.40176260e-01,  9.46744204e-01,
        -8.14095065e-02, -6.22742549e-02, -5.03174067e-02,  1.48393475e-02,
         6.38764650e-02,  7.02518895e-02,  9.60150421e-01,  1.22553319e-01,
        -2.60295272e-01, -1.46566719e-01,  1.32947033e-02,  1.49949744e-01,
         1.31882831e-01, -4.79034195e-03,  1.50217459e-01,  9.81845737e-01,
         1.48439243e-01,  7.95999169e-02,  9.51241925e-02, -9.20070171e-01,
        -4.87029888e-02,  1.48565155e-02,  2.18785387e-02, -8.28434527e-01,
         5.87290199e-03, -1.07418433e-01, -1.55801475e-01, -5.16901724e-02,
         9.99966621e-01, -8.57642233e-01,  8.50809962e-02, -1.00000000e+00,
         1.96575329e-01,  1.47663698e-01, -4.22216170e-02, -5.65453060e-02,
        -1.74516265e-03, -9.67419684e-01, -3.57569367e-01,  1.00000000e+00,
         1.05249785e-01, -1.92407239e-02, -7.31434152e-02,  5.74229583e-02,
         8.58883858e-02,  7.37427354e-01, -1.15166493e-01, -5.78998663e-02,
         9.75517929e-01, -8.83036256e-02,  5.28239496e-02, -4.48779091e-02,
        -4.72173214e-01, -3.23213860e-02,  1.23336710e-01, -2.19919011e-02,
        -2.60396525e-02, -9.28114295e-01,  8.84968229e-03, -2.04877760e-02,
        -9.96494889e-01,  1.04513265e-01, -3.49346176e-02,  4.98296507e-02,
         6.50128961e-01,  5.20948410e-01, -1.29494667e-01,  1.01123981e-01,
        -9.94192123e-01, -9.88995671e-01, -5.89181371e-02, -2.92192083e-02,
        -8.68905559e-02, -8.73459816e-01, -9.92261112e-01,  8.09481561e-01,
         6.60851479e-01,  8.82142782e-03, -7.15569109e-02, -1.25531822e-01,
         7.87091479e-02,  7.81813115e-02, -9.65885758e-01,  7.51354814e-01,
        -2.23159008e-02,  8.65869671e-02,  8.53729904e-01, -9.05942470e-02,
        -8.10746625e-02,  5.53660154e-01, -5.33141971e-01,  6.42990112e-01,
        -9.92691934e-01,  3.91058773e-02, -1.33273065e-01, -3.75074781e-02,
        -8.81943032e-02,  2.78596729e-02, -9.92293656e-01,  3.54285017e-02,
        -9.99369144e-01,  8.70499015e-03,  4.90790121e-02,  2.98964847e-02,
        -2.15530410e-01, -2.83867806e-01, -4.27623466e-03,  1.38718644e-02,
        -9.56269633e-03,  1.91011168e-02, -1.29864812e-01,  1.01614743e-01,
        -7.36983597e-01,  6.99189082e-02, -6.08351409e-01,  4.87333834e-01,
         1.02994837e-01,  2.37642042e-02,  6.26787096e-02, -1.49283350e-01,
        -1.86529621e-01,  3.08784936e-02, -5.66637050e-03,  9.73859370e-01,
         9.58604693e-01,  5.81801794e-02,  6.75232783e-02,  1.65393054e-02,
         4.51806486e-02, -6.60885096e-01, -9.62141275e-01,  9.94322658e-01,
         1.03649795e-01, -2.40038782e-02, -3.17407064e-02, -1.62877128e-01,
         3.26710790e-02, -6.79332614e-01,  6.39551163e-01,  2.05685310e-02,
        -2.63025016e-02, -4.16581668e-02, -1.70976538e-02, -2.06073418e-01,
         1.15109701e-02, -2.05447562e-02, -6.35915160e-01,  9.16163623e-02,
         8.63869488e-01, -2.62958696e-03,  6.83738664e-02, -3.02655250e-02,
         8.16625416e-01, -4.46351618e-01,  7.86022127e-01, -1.32275030e-01,
        -2.74887551e-02, -5.82919121e-01, -3.40625048e-02, -3.92685048e-02,
        -1.00000000e+00,  4.74354587e-02,  9.47399437e-01,  8.88664961e-01,
         1.02650285e-01,  7.80267827e-03,  7.60966063e-01, -1.03063650e-01,
         6.22847630e-03, -6.42142415e-01, -1.00000000e+00,  4.49538976e-02,
        -1.29510257e-02,  2.03894470e-02, -9.08738822e-02, -9.01369527e-02,
        -7.84048885e-02, -2.36497689e-02,  1.01577103e-01, -3.74638103e-02,
         2.01563835e-02, -1.14975981e-01, -6.05087161e-01, -5.15638478e-02,
         2.51037963e-02, -7.46393576e-02, -3.03605068e-02,  3.50682857e-03,
         9.94578362e-01, -5.47039807e-01,  3.06886435e-01, -2.50253771e-02,
        -6.22429326e-02, -1.82125121e-01,  2.32018363e-02, -9.95279431e-01,
         5.08655086e-02,  4.42127623e-02, -9.34400201e-01,  3.61503847e-02,
        -9.82884407e-01,  9.99999464e-01,  6.28549159e-02, -5.49775720e-01,
         2.86241015e-03,  1.24077909e-02,  4.27689374e-04,  1.07820770e-02,
         3.44067991e-01,  1.06392644e-01,  1.19501622e-02, -1.27113596e-01,
         9.78077352e-01, -1.00000000e+00, -2.07983851e-02,  5.95822521e-02,
         1.00472607e-02,  3.36801894e-02,  8.37224364e-01, -4.60691780e-01,
         8.13427344e-02,  1.47227515e-02,  7.36626506e-01, -2.96394415e-02,
         2.59514842e-02, -6.05715923e-02, -9.19066191e-01, -7.36572385e-01,
        -3.50512192e-02, -2.52176658e-03, -1.77885175e-01,  3.63556594e-02,
        -1.82622254e-01, -8.37992430e-01,  6.39217794e-02,  1.14484644e-02,
         1.00000000e+00, -9.35992226e-02, -9.97982442e-01, -6.60840750e-01,
         4.25783964e-03,  3.86930183e-02,  1.29989702e-02,  7.52150938e-02,
        -9.01428312e-02, -6.93344474e-02, -8.77885580e-01, -1.00000000e+00,
         7.70657480e-01, -1.51195973e-01,  1.14467358e-02,  7.31177330e-01,
         1.00591250e-01, -4.60379757e-02, -8.46915692e-02, -6.02054037e-02,
         6.44076848e-03,  1.95329227e-02,  1.18125172e-03,  9.75394905e-01,
        -7.16677129e-01, -9.98439848e-01,  7.23670006e-01,  1.12774454e-01,
         7.50312448e-01,  1.05030769e-02,  1.53979706e-02,  9.98767257e-01,
        -9.83595788e-01, -1.43106222e-01,  3.92896542e-03,  8.31364751e-01,
         4.47601825e-02, -9.79818180e-02, -9.52110291e-02,  5.11955544e-02,
        -1.14823677e-01, -6.21695220e-01,  1.58409365e-02, -9.61592019e-01,
         7.19802260e-01,  8.22951719e-02, -2.58929632e-03,  8.83861780e-01,
         6.00858107e-02,  2.16140430e-02, -9.25267994e-01,  1.43194601e-01,
         8.85298669e-01,  9.70765114e-01,  5.79041898e-01, -7.65330670e-03,
        -6.46303296e-01,  5.48482597e-01,  9.64375675e-01, -4.00837570e-01,
        -8.58213425e-01,  2.03233678e-03,  1.68906018e-01, -1.00000000e+00,
         8.62806499e-01, -1.14864208e-01,  7.40909725e-02, -4.46254969e-01,
         2.79004812e-01,  2.16078404e-02,  3.85552347e-01,  4.75896336e-02,
        -9.94344056e-01,  7.02868178e-02, -6.58712760e-02,  5.85609913e-01,
        -9.54894125e-02,  7.92757273e-01, -7.88351707e-03,  9.60038781e-01,
        -3.53445299e-02, -2.44785305e-02,  7.86956251e-02,  3.29301618e-02,
        -3.96002382e-02, -9.91626143e-01,  2.00931832e-01,  9.93985415e-01,
        -2.14877307e-01,  3.61325800e-01,  8.60583037e-03,  1.82146877e-02,
        -7.98957944e-02, -6.95620537e-01, -4.17743437e-03,  7.38107085e-01,
        -9.42895189e-02, -1.60324834e-02, -2.71013472e-03, -4.95684445e-02,
         1.00000000e+00,  2.72437930e-04, -8.91209066e-01,  1.05629198e-01,
        -9.81580377e-01,  8.25832665e-01,  1.13472417e-01,  3.44949327e-02,
        -1.99851781e-01,  9.99998629e-01, -4.16720659e-02, -3.01381969e-03,
         1.41527122e-02, -1.48433046e-02,  9.91493404e-01,  5.89534938e-02,
        -8.37900043e-01,  2.35431828e-02, -3.31964903e-02,  6.90465331e-01,
         9.99982417e-01, -6.33019432e-02, -1.53443292e-01,  8.05549264e-01,
         1.15312159e-01, -7.75732934e-01, -1.36651710e-01,  9.60937679e-01,
        -8.17213297e-01, -7.88571015e-02, -2.16368083e-02,  7.85906076e-01,
        -2.77699493e-02,  6.70272112e-01, -9.90852594e-01,  2.12160856e-01,
         7.66103342e-02, -4.01457511e-02,  4.05101627e-02, -5.96074052e-02,
         4.27633114e-02, -4.02800702e-02,  7.43710175e-02,  9.36162651e-01,
         1.60141010e-02,  9.78217959e-01,  8.96774530e-02, -8.81999359e-02,
        -3.25068901e-03, -1.12566195e-01, -9.94923651e-01, -1.32950759e-02,
         9.97790694e-01, -9.56145227e-02, -9.86102343e-01,  9.06307817e-01,
        -7.12680817e-02,  3.84949259e-02, -1.56170884e-02,  9.99999881e-01,
         7.76948035e-03,  1.00000000e+00,  8.31192881e-02, -6.01107001e-01,
        -2.62595564e-02,  4.25463170e-02,  8.52699518e-01, -1.52923092e-01,
         7.52778649e-01, -1.23542994e-01, -8.14037472e-02,  1.00000000e+00,
         9.99958038e-01,  5.33056736e-01, -3.46390642e-02, -7.73864865e-01,
         4.69475314e-02, -9.56295073e-01,  1.89355373e-01, -1.94451008e-02,
        -3.25254649e-01, -8.89174864e-02, -2.71977074e-02, -5.86663513e-03,
         7.60743797e-01, -3.77972946e-02, -8.08874220e-02, -8.53350237e-02,
         8.22677314e-02, -9.51893806e-01, -2.74820849e-02,  1.65333448e-03,
        -1.02827221e-01, -4.88730371e-01,  3.78767923e-02,  2.44943704e-02,
        -3.51743819e-03, -6.56233847e-01,  5.03870137e-02,  1.06428646e-01,
         1.19522050e-01,  4.55544233e-01, -1.00834973e-01, -4.05757204e-02,
        -7.80003786e-01,  1.36543782e-02,  5.25781922e-02,  9.96981144e-01,
         1.31765813e-01, -8.27799320e-01,  2.93743312e-01, -8.31767023e-01,
        -9.99794960e-01,  1.22828014e-01, -8.69188547e-01, -1.32727355e-03,
         9.98672545e-01,  6.36335537e-02, -6.04487419e-01, -4.74531166e-02,
        -4.88022827e-02,  9.89091322e-02,  6.16349101e-01, -1.40617833e-01,
         9.99999881e-01, -1.62837341e-01, -9.92414296e-01, -2.65512735e-01,
         1.11035995e-01, -6.82325987e-03,  7.13116288e-01,  4.44742233e-01,
        -8.51818100e-02,  5.62274978e-02, -6.52619973e-02,  9.83413905e-02,
         1.03510551e-01,  9.92978811e-01, -1.02384984e-01, -9.75111544e-01,
        -2.55984422e-02, -4.00081575e-02, -2.92408299e-02, -7.91911855e-02,
         4.10475768e-02, -1.54710621e-01, -3.64876986e-02,  9.74216580e-01,
        -9.97185111e-01, -9.83301640e-01, -9.63550568e-01, -6.23033121e-02,
        -9.50597584e-01, -5.45568317e-02,  7.03404918e-02,  2.10044589e-02,
        -8.67837012e-01, -2.06444804e-02, -1.00000000e+00, -4.65701908e-01,
         9.96250272e-01, -4.95573133e-01, -5.37655838e-02, -9.61342871e-01,
         1.06659301e-01,  3.16577643e-01,  8.71886536e-02,  8.07196677e-01,
         7.29903206e-02,  8.84175897e-02,  7.67623410e-02,  7.00290978e-01,
         9.99561965e-01, -3.43681201e-02,  1.09333791e-01, -1.80122122e-01,
         6.26515388e-01, -3.32578868e-02,  9.99999940e-01, -8.21170397e-03,
        -5.82520425e-01, -9.90924597e-01,  3.36614461e-03, -4.89185117e-02,
        -6.23683929e-01,  9.60403085e-01, -9.96142149e-01,  1.44852474e-01,
        -1.66420713e-02, -1.68657973e-02,  8.93378198e-01,  1.03281252e-01,
        -9.19458196e-02, -1.28554702e-02,  8.03021044e-02,  5.41492812e-02,
         3.07140797e-02, -9.56158936e-01,  8.49086940e-01,  1.26368523e-01,
        -1.00256251e-02, -5.62782884e-01,  6.96045607e-02, -7.86620006e-02,
         1.93243936e-01,  8.80499661e-01,  7.28360265e-02, -1.00000000e+00,
         9.75361884e-01, -9.94538307e-01, -3.22690099e-01,  6.48317859e-02,
         6.79537607e-03, -9.92523849e-01,  6.49693727e-01, -7.88103566e-02,
        -5.35311662e-02,  6.08594298e-01, -6.73064739e-02, -6.99608207e-01,
         8.74940395e-01, -7.82100558e-01,  1.00000000e+00,  8.47341120e-03,
        -7.61942744e-01, -3.61223847e-01,  8.84331226e-01, -9.86098170e-01,
         1.16524417e-02,  9.25549209e-01,  2.41785683e-02,  5.36874160e-02,
        -8.67366076e-01, -1.12054490e-01,  4.70614694e-02, -1.00000000e+00,
         8.26078132e-02,  4.31411266e-02,  8.94016474e-02, -7.57962838e-02,
        -1.42252162e-01, -3.63058015e-03,  1.73768084e-02, -9.93496537e-01,
        -6.45277873e-02,  2.50331387e-02,  4.24785241e-02,  9.99999583e-01,
         6.84697986e-01, -5.78335047e-01, -8.76601785e-02, -8.25154558e-02,
         5.09242058e-01,  2.67401859e-02, -3.39075923e-02, -6.76160380e-02,
         6.48884654e-01,  3.00900117e-02, -9.34331492e-03, -7.92616367e-01,
         9.87088457e-02, -8.63862876e-03,  6.03574961e-02, -2.29094699e-02,
        -2.41033025e-02, -4.33486968e-01,  8.25241625e-01,  2.93605961e-02,
        -6.96982741e-01,  1.87118441e-01,  3.90398167e-02,  2.69838423e-02,
         8.73920321e-01,  9.00061190e-01,  3.48468453e-01, -9.99209404e-01,
         1.35673936e-02, -4.03177217e-02,  5.12013957e-03, -1.24958716e-01,
        -4.36327457e-01, -9.90637481e-01,  8.36296976e-01, -1.83729492e-02,
         9.99986589e-01,  1.79812536e-02, -5.32447249e-02,  8.13417211e-02],
       dtype=float32),
 'kc': array([-0.9138961 ,  0.13996753, -0.1387568 ,  0.25630918, -0.22050922,
         0.8974424 ,  0.08799084, -0.99476147,  0.3438233 , -0.02692677,
        -0.0111115 , -0.46862477, -0.3502536 , -0.1742461 , -0.3758064 ,
        -0.9981129 ,  0.98961085,  0.17137316,  0.52929676, -0.42032126,
        -0.25188905, -0.9788665 ,  0.2580893 ,  0.23720734, -0.997959  ,
        -0.10513952,  0.47241804, -0.38214135,  0.19523321,  0.14530256,
        -0.8996622 , -0.22210173,  0.0269975 ,  0.13610408, -0.98917574,
        -0.19384323,  0.24825856, -0.16460124, -0.01708657,  0.03616356,
         0.16674402,  0.12098743,  0.22929047, -0.9907772 ,  0.989314  ,
        -0.05462483, -0.1439842 ,  0.9711052 , -0.9957514 , -0.44649687,
        -0.12963238, -0.8542482 ,  0.4415187 ,  0.5962032 ,  0.7583587 ,
         0.98435086,  0.5351872 ,  0.21059063,  0.27311113, -0.30405176,
        -0.09513842,  0.14928389,  0.17180382,  0.8746015 ,  0.25680038,
        -0.98392564, -0.39673707, -0.26342967, -0.8784417 ,  0.1739387 ,
         0.06591042, -0.0630964 , -0.00504291, -0.6875464 ,  0.18043974,
         0.10952987,  0.53154314,  0.48818967, -0.03637161,  0.46741763,
        -0.00864681,  0.38778204, -0.23522046,  0.6123416 ,  0.13565214,
         0.08292806,  0.6777022 , -0.08433616, -0.56043786, -0.92028385,
         0.6653316 , -0.07756305,  0.07997675,  0.9908834 ,  0.5010867 ,
        -0.4202836 , -0.83822864,  0.00457185,  0.32791093,  0.31504592,
         0.9587101 , -0.9775194 ,  0.06681632,  0.9919729 , -0.9622159 ,
        -0.9546881 ,  0.35836577,  0.89623415, -0.7544768 , -0.39662784,
        -0.18794534,  0.78157055, -0.9966929 , -0.1421428 , -0.14473222,
        -0.04902573, -0.29755226, -0.38626233, -0.20364965,  0.01807395,
         0.11750794,  0.0256185 ,  0.9894913 ,  0.31567454, -0.3051045 ,
         0.08935595,  0.03341012,  0.22958313, -0.20638797,  0.4352762 ,
        -0.9308558 ,  0.97337276, -0.9945784 , -0.9835898 , -0.0546851 ,
         0.95051813,  0.01224582, -0.98922396,  0.41174862,  0.60054487,
        -0.15578376, -0.6223644 ,  0.8815841 ,  0.7791943 ,  0.19519083,
         0.23994586, -0.07834749,  0.03857718, -0.90835506, -0.9760442 ,
         0.5991467 ,  0.9972852 , -0.99798566, -0.9587253 ,  0.76392424,
         0.1556909 , -0.51626885, -0.16883919, -0.67883873, -0.34091294,
        -0.28417033, -0.36761016,  0.17439225, -0.27997917, -0.38280463,
        -0.3244106 , -0.17007153,  0.9577651 , -0.9964082 ,  0.83221173,
        -0.22361161, -0.2624216 , -0.18861581, -0.91250587, -0.17212799,
         0.47621948,  0.20581755,  0.9502753 ,  0.16550429, -0.36992773,
        -0.45086953, -0.11920412, -0.19865158,  0.00284054,  0.54369473,
         0.8523913 ,  0.01158034,  0.33550444, -0.87228984,  0.1601737 ,
         0.08479466, -0.16332318, -0.05949907, -0.99909633, -0.4653962 ,
         0.977402  , -0.55047274,  0.9094803 ,  0.90967107,  0.64220166,
         0.991506  ,  0.5501689 , -0.43193406,  0.95763797,  0.9763977 ,
        -0.20041853, -0.32061663, -0.9837664 ,  0.9769731 , -0.99842584,
         0.99892104, -0.31895256, -0.9773001 , -0.3927537 , -0.4766402 ,
        -0.61103857, -0.07217687,  0.11012761,  0.9951123 , -0.00650831,
        -0.09915523, -0.96780735,  0.5688782 ,  0.11821435,  0.58948386,
         0.9707068 ,  0.08804508,  0.8414862 ,  0.6334238 ,  0.9313447 ,
        -0.21932732, -0.9413583 , -0.1457966 , -0.9933953 , -0.10978151,
        -0.9249151 , -0.7820134 ,  0.1338327 ,  0.29740927, -0.33433396,
         0.97400826,  0.99656284,  0.46674192,  0.7596058 , -0.11499347,
         0.91439617,  0.8728992 , -0.4051063 , -0.5887052 , -0.13824365,
        -0.0785905 , -0.34498864, -0.92702836, -0.9620229 , -0.12736396,
         0.21344312, -0.408531  ,  0.3089419 ,  0.22512345, -0.96594113,
        -0.6465533 , -0.13801782,  0.11840732,  0.5795066 ,  0.7135075 ,
         0.5267281 , -0.9975671 ,  0.033213  , -0.9992109 , -0.05371625,
        -0.5398564 , -0.04564451,  0.28506866,  0.99023926, -0.18408631,
        -0.00158294, -0.42976782, -0.03916249,  0.99231833,  0.10250901,
        -0.31488308,  0.194049  , -0.04748939, -0.3523157 , -0.60852706,
        -0.46037373,  0.35654038, -0.94259953,  0.49050802, -0.97462636,
        -0.10494684, -0.8972663 ,  0.96753544, -0.05193479, -0.993505  ,
        -0.25543055, -0.25170925,  0.10402342,  0.53058743,  0.9936143 ,
        -0.9985863 ,  0.0150634 ,  0.99923164, -0.13490418,  0.17377596,
        -0.89418864, -0.3048329 ,  0.3921088 ,  0.01309761, -0.49730903,
         0.96704316, -0.22096269,  0.34702307,  0.3835239 , -0.97637314,
        -0.77385855,  0.4659418 , -0.01941385, -0.8324192 , -0.8557955 ,
        -0.6316625 , -0.8489666 ,  0.18328431, -0.11439438, -0.00623932,
        -0.01613198,  0.00424889, -0.01461336,  0.0841237 , -0.81652766,
         0.97068346,  0.2622011 , -0.20662197, -0.26781508, -0.08171026,
        -0.41517773, -0.9775899 , -0.4715144 ,  0.29516014,  0.31320798,
        -0.5151844 , -0.1269738 ,  0.83947814,  0.06956439,  0.98804384,
        -0.9654957 , -0.24206433, -0.55577266, -0.99334276,  0.25995943,
        -0.04967244, -0.3052489 , -0.9586128 , -0.31415424,  0.37995544,
         0.34874517,  0.9524656 , -0.24562812, -0.97003865, -0.99785185,
         0.33339533,  0.9299527 ,  0.22451872, -0.9885743 ,  0.9715964 ,
         0.0161464 , -0.1071556 , -0.19218946,  0.10049786,  0.57666236,
         0.0759241 ,  0.39767852,  0.05676853,  0.06186082,  0.4945931 ,
        -0.9882901 ,  0.44284505, -0.999877  ,  0.0927359 ,  0.9451194 ,
        -0.9924108 , -0.2027081 ,  0.74385035,  0.03167556,  0.06104664,
        -0.99334735,  0.7512442 ,  0.56929266,  0.9892316 ,  0.81006163,
        -0.78763217,  0.3455418 , -0.2579883 , -0.9478791 ,  0.23973602,
         0.03555752,  0.19825469,  0.4497533 ,  0.0590672 , -0.03303577,
         0.9790366 , -0.67178404,  0.21986246, -0.05446139,  0.19641374,
         0.14916421,  0.35383528, -0.6448815 , -0.9771364 ,  0.7638856 ,
         0.98999536,  0.16214474, -0.99075353,  0.14447336, -0.08518571,
         0.11148917,  0.04894818,  0.12057675, -0.0770439 , -0.07529151,
         0.9821446 , -0.92737585, -0.9529659 ,  0.41913188,  0.09550552,
        -0.25071114,  0.39880815, -0.991445  , -0.4115237 , -0.97333723,
        -0.94359076, -0.7551025 , -0.00135937,  0.01941659,  0.20221905,
        -0.17972884, -0.07869007,  0.9726266 , -0.17073575,  0.99383426,
         0.95111394,  0.4123067 ,  0.9897824 , -0.23001947, -0.9489978 ,
        -0.8289836 ,  0.0888551 , -0.7498276 ,  0.06711381,  0.39901242,
         0.29319736,  0.9915668 , -0.1306677 , -0.29512665,  0.31823108,
         0.1716917 ,  0.09543274,  0.6321974 ,  0.27409065,  0.00604862,
         0.12969278, -0.3617004 , -0.17760327,  0.11270528, -0.93100697,
         0.36417302,  0.9256431 ,  0.9960305 , -0.11940927, -0.02974782,
        -0.23090631,  0.2110089 , -0.5491241 ,  0.19013232, -0.12818679,
        -0.16357198, -0.15762176,  0.02553498, -0.9167553 ,  0.27219063,
         0.29455617, -0.37937668, -0.6101618 ,  0.19522163,  0.13566849,
         0.13559243,  0.8746637 , -0.25554913, -0.04319663,  0.2170719 ,
        -0.32965466,  0.9803074 ,  0.09872064, -0.04042009, -0.14258958,
         0.39011973,  0.9929139 ,  0.16844895,  0.15537226, -0.98220974,
         0.32585478,  0.02677382, -0.17594652,  0.95129085,  0.18012348,
         0.33456072,  0.13821806,  0.43036082, -0.44779354, -0.6568739 ,
         0.10354344, -0.10055159, -0.9739497 , -0.9945071 , -0.03763722,
        -0.37401977, -0.22445188,  0.00938981,  0.03945946,  0.11177806,
         0.0407728 , -0.9951876 , -0.7820419 ,  0.21282014, -0.02959927,
        -0.15938187,  0.38776112,  0.21041992, -0.35642278,  0.05439505,
         0.07616895, -0.30031288, -0.28055036, -0.02943315, -0.19613379,
         0.07528616, -0.99311924, -0.38713235, -0.09292736,  0.989532  ,
        -0.99041903, -0.19000307,  0.27564192, -0.9418599 ,  0.02396702,
        -0.14635076,  0.7993034 ,  0.1741539 ,  0.95269257, -0.9883819 ,
         0.22967206,  0.3302464 , -0.979747  , -0.04075862, -0.5391803 ,
         0.4578956 ,  0.18982749,  0.9983098 , -0.9895027 , -0.87659174,
        -0.20230691,  0.41390726,  0.13857514,  0.33289984,  0.93787956,
        -0.5459194 , -0.46484417,  0.06880359,  0.49132034,  0.987488  ,
         0.50401485,  0.45549852,  0.75085866,  0.9593575 ,  0.10338785,
         0.16453578, -0.94445395, -0.22408746,  0.43795952, -0.3847786 ,
         0.95842403,  0.09321852,  0.9897179 , -0.89740115, -0.53263164,
        -0.28295818, -0.75581205,  0.2823923 ,  0.9994053 , -0.42479375,
        -0.9797178 ,  0.3319608 ,  0.24600907, -0.10856725,  0.852621  ,
        -0.991382  ,  0.5706702 , -0.10620572, -0.17930683, -0.6958101 ,
        -0.10972508,  0.02007325,  0.99690163, -0.95776373,  0.8278065 ,
         0.06872015,  0.3109494 ,  0.42776045, -0.15366659,  0.2591941 ,
         0.29730463, -0.9964179 ,  0.836418  , -0.18497694, -0.4575218 ,
        -0.5720767 ,  0.0394495 ,  0.52182317,  0.05965078, -0.2608801 ,
         0.19352077,  0.9742947 , -0.9524201 ,  0.10963936,  0.14409953,
        -0.61085355,  0.9992189 ,  0.448673  , -0.8870732 ,  0.16279668,
        -0.24168013, -0.95291257,  0.8494332 , -0.01800128,  0.32669342,
        -0.3235996 , -0.9912673 ,  0.93381745,  0.989112  , -0.08494329,
        -0.3470816 ,  0.2651665 ,  0.99835706, -0.93388754, -0.05419503,
        -0.9827125 ,  0.17147432,  0.13355905, -0.25300857, -0.29266745,
        -0.17939498,  0.2168809 , -0.9186074 , -0.26091012, -0.52533484,
         0.50857556, -0.692116  ,  0.20578416, -0.90777093, -0.9446758 ,
         0.32404515, -0.9904342 ,  0.9822375 , -0.9103396 , -0.09574883,
         0.8917196 ,  0.29561627, -0.99527866, -0.29909715,  0.45090425,
         0.05548201, -0.5458328 , -0.9982673 ,  0.6435382 ,  0.16763775,
        -0.9957372 ,  0.99880934,  0.88884306, -0.18802066, -0.7859434 ,
        -0.28174812, -0.43967074, -0.11800027,  0.00513685, -0.04488488,
         0.19007121,  0.6269381 ,  0.00999005, -0.23430224, -0.16343984,
        -0.78713155,  0.9683631 ,  0.19454768,  0.99651295,  0.17144185,
         0.65550333,  0.9724567 ,  0.471339  ,  0.22132835,  0.5028266 ,
         0.2362894 , -0.23471233,  0.99823743, -0.05339223, -0.00967489,
        -0.40768373, -0.6287168 ,  0.44107428, -0.1932067 ,  0.92179346,
        -0.5710914 ,  0.05146869, -0.5198872 , -0.14324287, -0.2802239 ,
        -0.146406  ,  0.997618  , -0.9811465 , -0.942689  , -0.41204366,
         0.9993256 , -0.1728387 ,  0.4178758 ,  0.22701792, -0.15975714,
         0.9137964 ,  0.35852927,  0.01009901,  0.08755437, -0.888801  ,
         0.6526756 ,  0.9905697 , -0.07660098, -0.97521526, -0.31476536,
         0.30180153,  0.45706642,  0.9879439 , -0.17236038, -0.59314835,
         0.13602117, -0.0189459 ,  0.972404  , -0.19190642, -0.87339664,
         0.50437814, -0.19899563,  0.77056444, -0.9618707 ,  0.9955616 ,
        -0.26942557,  0.42326236,  0.9975092 , -0.43586695,  0.15500563,
        -0.17263779, -0.99307877, -0.03345861, -0.98238856, -0.08321349,
         0.21517712,  0.06877793, -0.59360266,  0.6947339 ,  0.11665483,
        -0.02103215,  0.5567463 , -0.994374  ], dtype=float32),
 'xlm': array([-5.50599135e-02,  2.44347900e-01,  1.25177771e-01,  4.96691048e-01,
         2.08088998e-02,  3.42740685e-01,  4.07414258e-01, -4.33409512e-01,
         1.50824457e-01, -1.46744862e-01,  7.84974396e-02,  1.35575637e-01,
         3.81812662e-01,  3.43196929e-01, -2.32603341e-01, -1.91358864e-01,
         2.01358870e-01,  4.07086015e-01, -3.71158980e-02, -2.26084471e-01,
        -2.78133839e-01,  3.50778103e-01, -6.72850728e-01, -5.45557857e-01,
        -2.36851037e-01,  5.78130603e-01,  1.17245354e-01, -3.12478930e-01,
        -1.36341006e-01,  6.41294956e-01,  1.28795385e-01,  4.76933956e-01,
        -2.75089711e-01,  9.70399082e-02,  1.04515061e-01, -1.71780899e-01,
         3.73621613e-01,  2.13884413e-01,  4.85271960e-01,  3.30294967e-01,
         1.06205061e-01, -1.32357553e-01, -1.30241737e-01,  2.30984971e-01,
         2.34678045e-01, -2.43760586e-01,  2.03484803e-01, -3.89478765e-02,
        -2.13727683e-01,  4.08204883e-01,  5.70569992e-01, -2.27070853e-01,
         3.29936147e-02,  4.99572419e-02,  1.74957722e-01,  1.39945909e-01,
         3.13500315e-01, -3.22864234e-01, -2.41652697e-01, -5.23971081e-01,
        -4.85762674e-03,  6.20811403e-01,  4.37872320e-01,  3.22052270e-01,
         3.14822525e-01, -5.45509875e-01,  1.13349155e-01, -6.48939684e-02,
        -6.17974281e-01,  1.90978453e-01,  3.91361341e-02, -3.29758048e-01,
         3.50894362e-01,  8.73817727e-02,  1.41081110e-01,  3.51467058e-02,
         3.91833723e-01,  1.42143950e-01,  3.80371481e-01,  2.84829885e-01,
         2.83649057e-01, -3.57248276e-01,  1.13802202e-01, -2.25835800e-01,
         9.95120406e-02,  6.51861012e-01, -3.91613066e-01,  7.65062988e-01,
         3.31269115e-01,  3.07297349e-01, -1.89636260e-01, -2.66529694e-02,
        -3.11703444e-01,  2.85310596e-01, -3.75934601e-01,  3.50761354e-01,
        -3.45708311e-01, -5.76667905e-01,  1.28400043e-01, -9.81612224e-03,
        -3.00127447e-01, -3.72260541e-01,  2.19096735e-01, -4.71378267e-01,
        -1.12276427e-01, -7.34048843e-01,  5.19978821e-01,  4.54305857e-01,
        -1.90175340e-01,  3.80156934e-01,  1.70325100e-01,  1.36145070e-01,
         3.41899127e-01, -6.57910109e-01,  8.80400762e-02,  3.62112403e-01,
         5.32112956e-01,  1.33530095e-01,  2.07037125e-02, -2.61343330e-01,
        -2.42585883e-01,  5.48086286e-01, -3.36796880e-01, -1.49846643e-01,
         3.50884467e-01,  9.38455015e-02, -3.04066092e-01,  6.27973914e-01,
         3.29933345e-01, -5.99132366e-02,  4.54229891e-01, -3.23123366e-01,
         1.93493754e-01, -5.75665653e-01, -1.21477041e-02, -2.77145952e-01,
         5.17686307e-01, -3.88447344e-01, -2.21227892e-02, -5.61197519e-01,
         3.72700334e-01, -6.29845932e-02, -2.06807062e-01,  4.42214578e-01,
        -1.84600726e-01,  4.95851517e-01,  4.97716397e-01,  1.21499367e-01,
        -2.91918606e-01,  3.21695767e-02,  6.27377391e-01, -2.94686973e-01,
         1.79706395e-01, -1.65368304e-01,  1.19104214e-01,  4.86382008e-01,
        -5.39466292e-02,  2.45847285e-01, -1.87670663e-01,  1.92416340e-01,
        -1.25257269e-01,  3.12517583e-01, -1.79108843e-01, -3.35884482e-01,
        -4.38115478e-01,  2.54355162e-01,  1.82561219e-01,  7.44304895e-01,
        -1.17486119e-01,  2.55028337e-01, -2.68968880e-01,  3.65475528e-02,
         4.87120688e-01, -1.54321596e-01, -2.45865151e-01, -5.57802260e-01,
        -1.17890887e-01, -3.59907985e-01,  3.46427232e-01, -3.24730054e-02,
        -3.48404735e-01, -2.73189455e-01,  7.23203421e-01,  3.12854558e-01,
        -1.69682413e-01,  5.04078232e-02, -2.11150512e-01, -3.68898451e-01,
        -1.67741459e-02, -5.69690317e-02, -3.65283251e-01, -1.70186967e-01,
         2.74445802e-01, -5.12304664e-01, -1.38240114e-01, -3.63816142e-01,
        -1.09163336e-01, -2.12026507e-01, -3.58024120e-01,  5.01813412e-01,
         3.79605830e-01,  9.24414247e-02, -4.09225434e-01, -1.61771655e-01,
         2.76633967e-02,  2.75913831e-02, -2.85766214e-01,  3.91931444e-01,
        -1.51558220e-02,  1.15627781e-01,  2.05743778e-02,  2.95878351e-01,
        -5.01185916e-02, -6.66106403e-01, -3.80153477e-01,  2.23007753e-01,
        -7.51432896e-01,  3.70580018e-01, -2.66670763e-01,  2.99782515e-01,
        -5.16284049e-01,  3.78067434e-01, -1.00597948e-01, -5.40942729e-01,
         3.08177590e-01,  5.89383841e-01,  5.75706482e-01, -5.17607331e-01,
         2.07188249e-01, -7.58260563e-02,  6.67075634e-01, -2.46510562e-02,
        -2.31783941e-01, -1.89236119e-01, -7.64153227e-02, -4.87784147e-01,
         3.70053500e-01,  3.58087510e-01, -5.05298018e-01,  4.86883223e-01,
        -2.29777262e-01,  6.83310181e-02,  3.43064785e-01,  9.97759998e-02,
         2.37111226e-02, -4.76279438e-01,  3.23749691e-01, -4.73517656e-01,
         3.06989104e-01, -5.52157639e-03, -7.43752956e-01, -3.00760895e-01,
         1.06214188e-01,  6.30050480e-01, -3.80415142e-01, -4.03312325e-01,
        -4.49205413e-02,  4.47862029e-01, -5.17365932e-01, -2.01774135e-01,
         9.97370183e-02,  7.05593228e-02, -8.44021067e-02, -6.01068497e-01,
        -4.50879484e-01,  8.02480057e-02, -3.79537754e-02,  1.67887151e-01,
        -2.31192991e-01, -1.40588194e-01,  5.09379029e-01, -1.28156198e-02,
         2.50755340e-01,  8.81579369e-02, -3.37713659e-01, -9.87854321e-03,
         1.00018628e-01, -5.77737689e-01,  2.61364788e-01,  9.00070965e-02,
         7.22982943e-01, -3.68553907e-01,  3.47504884e-01, -2.02044919e-01,
         1.35697946e-01, -6.10602275e-02,  3.89643162e-01,  8.34613666e-02,
        -2.20182553e-01,  4.64334846e-01, -4.99798954e-01, -1.55600160e-01,
         1.46044716e-01,  1.45973504e-01, -3.30770791e-01,  2.70767629e-01,
        -2.63767093e-01, -7.13627934e-01,  1.88446343e-01, -6.07432015e-02,
        -7.57359624e-01, -7.66895115e-01, -2.93832421e-01, -2.97016025e-01,
         5.28326809e-01,  2.43471697e-01, -5.27296364e-01, -2.20891256e-02,
        -1.23727731e-01,  9.46286228e-03,  4.92360622e-01,  2.54644573e-01,
         1.89619899e-01,  4.33197841e-02, -5.16400337e-01,  3.59735608e-01,
        -5.44350564e-01,  1.03584547e-02, -1.30382180e-01,  3.12707365e-01,
         1.60141364e-01,  1.86555132e-01,  5.25907837e-02,  6.88163102e-01,
         1.92370564e-02, -1.90241426e-01, -4.27357405e-01, -1.06901139e-01,
        -1.63284075e-02,  8.03540722e-02,  4.26814139e-01, -1.33222297e-01,
        -3.93155634e-01, -3.22011888e-01,  1.40167192e-01,  3.72166693e-01,
         5.28375268e-01,  2.45923117e-01, -3.01648617e-01, -3.45129035e-02,
        -7.60499761e-02, -4.72268641e-01, -5.68118572e-01,  3.13668281e-01,
        -5.32793164e-01, -4.07567501e-01,  2.04034537e-01,  4.13093567e-02,
        -4.29823607e-01, -7.24261776e-02, -4.89203125e-01,  4.38942641e-01,
        -3.68538126e-02, -4.68041748e-01, -1.13800235e-01,  2.38685548e-01,
         5.45370162e-01,  2.53055263e-02,  2.34555036e-01,  1.12514116e-01,
        -2.00400408e-02,  2.05957312e-02,  1.49078101e-01,  5.19177169e-02,
         1.18686043e-01, -5.66429734e-01, -5.47738373e-02, -2.20904648e-01,
         5.92989028e-01,  1.13520399e-01,  7.30414093e-02,  6.86142892e-02,
         2.15640381e-01, -3.10208499e-01,  2.64421016e-01, -6.80778399e-02,
        -3.39714527e-01,  4.26571548e-01, -2.20745116e-01, -1.93519160e-01,
         5.06356776e-01,  1.66025504e-01, -8.63427967e-02, -6.65768096e-03,
         1.54924110e-01,  3.45010102e-01,  5.39927602e-01, -5.30701391e-02,
         6.40935421e-01, -1.07992806e-01,  5.20269930e-01,  1.31695300e-01,
        -1.84127197e-01, -2.79216588e-01,  4.30188030e-02, -5.89279890e-01,
         5.37301242e-01, -4.72102553e-01,  3.55749249e-01, -4.99313995e-02,
        -3.79051745e-01, -4.47934180e-01,  6.25511765e-01,  4.29922074e-01,
         4.10123676e-01,  2.00369895e-01,  9.59080085e-02,  5.30385196e-01,
        -6.63321495e-01,  2.88339138e-01,  3.55525464e-01,  1.24833077e-01,
         1.59363165e-01, -4.05946791e-01, -1.77358061e-01, -1.60165846e-01,
         1.36804685e-03, -1.94788828e-01, -3.03195387e-01, -1.56637311e-01,
         3.08465332e-01, -5.78182757e-01,  2.53247201e-01,  7.36185610e-01,
         6.66897297e-01, -1.51085556e-01,  1.33426279e-01, -1.06743313e-01,
        -2.35610977e-01, -6.72065377e-01,  2.06672065e-02, -1.02626532e-01,
        -4.68069762e-01,  1.40829131e-01, -1.67204231e-01, -5.37262857e-01,
         2.61552632e-02,  1.72169790e-01, -2.34159790e-02,  7.50507340e-02,
        -1.78252771e-01,  1.85026586e-01,  4.19852316e-01, -2.32483774e-01,
        -9.74770263e-02, -2.56646723e-01,  1.38584003e-01,  3.53192776e-01,
        -1.08735859e-01,  3.90971936e-02,  2.61105657e-01, -3.46436590e-01,
         5.59831977e-01,  1.64176837e-01,  6.28567040e-01,  3.28040421e-01,
         6.69745775e-03,  2.08078071e-01,  1.28276974e-01, -3.74379069e-01,
         2.88256913e-01, -3.95703495e-01, -1.18904464e-01,  8.39248598e-02,
        -4.55812842e-01,  1.88879013e-01, -2.62860417e-01, -7.25709617e-01,
         2.45012760e-01,  3.69823873e-01, -2.67178655e-01, -4.31831390e-01,
         3.22562568e-02,  3.77564728e-02, -4.65694517e-01, -1.21881455e-01,
         2.02163905e-01, -1.26609653e-01,  3.06137595e-02,  2.53278345e-01,
         2.18963251e-01,  9.67236795e-03, -3.36916625e-01,  3.20715755e-01,
        -3.58224124e-01,  6.63026929e-01, -3.23180482e-02,  2.89850868e-02,
        -1.35818690e-01, -3.98635358e-01, -1.43548638e-01,  4.00075652e-02,
         1.83092490e-01,  6.41767859e-01, -1.66871071e-01,  2.78169692e-01,
         1.52242064e-01, -3.54379892e-01, -4.07435447e-01, -5.98198831e-01,
        -1.50336742e-01,  1.05739981e-01, -3.62965703e-01,  2.24670649e-01,
         4.25437212e-01, -9.59117636e-02, -5.89391328e-02, -9.25872922e-02,
         1.57842025e-01,  4.54903319e-02,  3.01137954e-01,  9.39940885e-02,
        -5.84606528e-01, -3.35644990e-01, -9.56616402e-02, -2.79315948e-01,
         5.33367574e-01,  3.79180014e-01,  5.25532290e-02,  1.85262650e-01,
         5.70167184e-01, -3.49890679e-01, -2.30024438e-02,  1.96660981e-01,
        -1.64402992e-01, -1.80726483e-01, -3.11767340e-01, -1.35013172e-02,
         4.64035481e-01,  1.49835289e-01, -3.87883276e-01, -5.22812963e-01,
         3.28812599e-01,  3.03667784e-01, -2.53443450e-01, -2.39962444e-01,
         6.49716496e-01,  1.88151434e-01, -9.03792977e-02,  1.86805859e-01,
         4.09650266e-01,  1.10847484e-02,  3.26395333e-01,  2.47601524e-01,
         7.57013381e-01,  1.33233234e-01, -1.14808753e-01,  2.78068095e-01,
        -5.17191410e-01, -3.98777723e-01, -3.35430741e-01,  6.68714285e-01,
         1.20596781e-01,  3.55972230e-01,  1.51245192e-01,  1.12154394e-01,
         1.82104871e-01,  2.62831748e-01, -3.26512605e-01, -2.77916133e-01,
         1.37459099e-01,  4.76308256e-01,  1.41943945e-02, -2.91482180e-01,
        -2.12218672e-01,  4.09643233e-01,  1.58806399e-01, -4.42872286e-01,
        -3.98016542e-01,  4.00843143e-01,  5.88282719e-02, -8.34627002e-02,
        -2.49225631e-01,  2.67918646e-01,  1.89795583e-01,  2.94311941e-01,
        -4.01624024e-01, -5.11068881e-01,  3.19747895e-01, -3.20093393e-01,
        -2.23394364e-01, -1.92082208e-02,  7.48264194e-01,  1.88997686e-01,
        -5.89283854e-02,  3.08112781e-02, -4.40072492e-02, -4.86359268e-01,
        -4.35605764e-01,  1.37737304e-01, -7.32274294e-01,  2.08930150e-01,
         4.88472372e-01, -9.25243199e-02, -2.59289891e-01, -3.01324248e-01,
         3.35391015e-02, -4.61030364e-01,  2.12999523e-01, -1.45742029e-01,
        -4.51486200e-01,  2.82636374e-01, -3.18122864e-01, -6.04156442e-02,
        -2.88208932e-01, -1.70009896e-01,  2.92760938e-01,  7.07679510e-01,
        -4.89769727e-01, -2.67188996e-01, -5.64031482e-01,  1.58471808e-01,
        -1.33210421e-01,  1.59326531e-02, -6.17850840e-01, -7.07939684e-01,
         1.14634270e-02,  1.17715292e-01,  5.92976809e-01, -1.61946088e-01,
         1.65231839e-01,  7.07822815e-02,  1.15783580e-01, -2.58961111e-01,
         7.96986103e-01,  4.61456269e-01, -3.16999882e-01, -3.50038022e-01,
        -5.60142756e-01, -2.65059054e-01, -3.60274434e-01, -3.80111933e-01,
        -1.27254680e-01, -3.98810089e-01, -7.82851577e-02, -1.12186901e-01,
         8.12207758e-01, -3.05283546e-01, -3.78154129e-01, -1.37157142e-02,
        -3.67047004e-02, -9.55154970e-02,  5.01193702e-02,  1.96997635e-02,
        -1.97462738e-01, -2.16971487e-01,  2.89162815e-01,  8.19284990e-02,
        -6.06998242e-03, -3.55841756e-01, -3.09157789e-01, -5.96366525e-01,
         7.19411895e-02,  1.91108599e-01, -1.99409619e-01, -4.18356240e-01,
         5.79251468e-01,  1.13585323e-01,  1.56692624e-01, -5.03265858e-01,
         4.39755023e-01, -3.72684360e-01,  1.95188627e-01, -2.64368594e-01,
        -3.66406403e-02, -3.08175415e-01, -2.11982936e-01, -9.33324173e-02,
         1.55282989e-01, -1.69394687e-02,  4.35275823e-01, -1.62043139e-01,
         4.67989653e-01,  1.18264176e-01,  1.07313041e-02,  1.89080864e-01,
         4.92177933e-01,  7.39048943e-02, -6.61723852e-01, -2.08823502e-01,
        -7.67111897e-01,  6.88978955e-02, -1.10714491e-02,  4.44150567e-01,
        -6.08067632e-01, -8.32672790e-02,  4.14662898e-01,  6.84778243e-02,
        -2.18377963e-01,  2.01634765e-01, -3.57381701e-01,  6.35463059e-01,
         4.45013583e-01,  3.10666144e-01, -3.77052426e-02,  3.57692748e-01,
         6.18885338e-01,  1.07635304e-01, -1.22568786e-01, -6.49721265e-01,
         8.05356365e-04,  2.32881010e-01,  1.57715514e-01, -1.50056958e-01,
         1.70162931e-01, -6.60580099e-01, -3.55833769e-01,  3.77907097e-01,
        -5.12766480e-01, -1.03239499e-01,  3.35201740e-01, -1.11183912e-01,
         3.07840198e-01, -5.87172627e-01, -3.99529189e-01, -3.79879296e-01,
        -1.89870223e-01,  2.28583023e-01, -4.24082458e-01,  8.59492943e-02,
        -4.38837469e-01, -1.25423893e-01, -1.66837908e-02,  6.29195385e-03,
        -2.56193548e-01, -2.14898393e-01, -3.71842772e-01,  2.59137303e-01,
        -9.72326025e-02, -1.87057108e-01,  4.81894016e-02, -1.06304549e-01,
         4.77324277e-02, -2.88294643e-01, -1.36186644e-01, -2.73450226e-01,
        -3.67303401e-01, -2.28130549e-01, -9.05488357e-02, -2.27707714e-01,
         3.27631474e-01, -4.09828782e-01, -1.03384852e-02, -7.72232339e-02,
         1.71318606e-01, -2.84946263e-01,  8.11831772e-01,  4.19077016e-02,
        -1.39397562e-01, -5.04704118e-01,  2.55777597e-01, -1.31064486e-02,
        -4.54892337e-01, -7.23707676e-02, -1.14760451e-01, -1.95459932e-01,
         3.70337665e-01,  5.62584758e-01,  5.92268944e-01, -5.40647447e-01,
        -1.32753938e-01,  6.26060069e-01, -2.57610559e-01,  4.95107114e-01,
        -4.06086117e-01, -8.10838044e-02, -9.37657058e-02,  1.52253568e-01],
       dtype=float32),
 'mul': array([ 2.98887759e-01, -3.57002020e-02,  2.08108976e-01, -2.54333150e-02,
         2.03193706e-02,  2.07189903e-01,  1.70951486e-01,  2.03094691e-01,
        -3.70320618e-01,  2.22043484e-01,  5.39371930e-02, -3.40867788e-04,
        -2.46149004e-01, -2.02456385e-01,  2.58520007e-01, -1.13734283e-01,
         4.59360778e-01,  7.48986453e-02,  3.61576192e-02, -2.94701874e-01,
        -9.99961436e-01, -2.69260228e-01, -1.98251471e-01, -2.78477848e-01,
        -2.50623524e-01,  9.65618938e-02, -1.81400225e-01,  1.32091105e-01,
         1.51671931e-01, -1.46818623e-01,  5.25042564e-02, -9.99962270e-01,
         3.38104516e-01,  3.99070084e-01,  2.53050238e-01, -1.48819625e-01,
         1.84173301e-01,  3.34425002e-01,  2.67870009e-01, -3.06550175e-01,
        -2.29563326e-01,  3.27743962e-02, -9.28094387e-02,  9.63954329e-02,
         5.28446212e-02, -2.11688086e-01,  1.84633825e-02,  1.60285980e-01,
        -2.24065408e-01,  1.23226255e-01,  1.41219899e-01,  1.23993181e-01,
         4.68468398e-01,  2.01217458e-01,  1.43914089e-01,  1.83501661e-01,
         5.13153374e-02,  1.62702650e-01,  2.07429469e-01, -1.55626670e-01,
         2.79097371e-02,  1.51116148e-01,  1.90829471e-01, -2.78010815e-01,
        -2.27234900e-01, -2.69643009e-01, -5.42375892e-02, -6.21098615e-02,
         2.97112316e-01, -1.52808532e-01, -2.65939295e-01, -3.38424832e-01,
        -1.88854784e-01,  2.12674066e-01,  9.91201326e-02, -1.76911071e-01,
         2.00582907e-01,  2.56611347e-01,  7.33420136e-04,  1.42016625e-02,
        -3.13216537e-01, -1.22667827e-01, -3.52636576e-01,  7.51897767e-02,
        -1.30262583e-01,  2.30307207e-01,  1.58495873e-01, -2.58234888e-01,
         1.44432500e-01, -5.81526756e-02,  3.50413024e-01,  4.47496861e-01,
        -2.15713054e-01,  1.99879110e-01, -2.04354271e-01, -1.02799222e-01,
        -5.79131484e-01, -1.02622345e-01, -4.56864424e-02, -2.16101632e-01,
        -6.78779557e-03, -3.17242853e-02, -2.10419893e-01, -7.21775740e-02,
        -3.11777890e-01, -1.04926720e-01,  1.42587408e-01,  2.07099542e-01,
        -4.09801081e-02,  2.61045009e-01, -4.88220761e-03, -2.36217469e-01,
        -4.32114378e-02,  2.05850363e-01, -6.74235076e-02,  8.57601047e-01,
        -2.16661215e-01,  7.97923803e-02, -3.67899626e-01, -1.74816489e-01,
        -4.38985944e-01,  9.99963582e-01,  4.08142135e-02, -2.07676783e-01,
         7.91671276e-02,  1.27620399e-01, -4.03512955e-01,  2.08202511e-01,
         1.27481148e-01,  1.71317115e-01,  2.04360709e-01, -1.30617812e-01,
        -5.36364876e-02, -2.07327783e-01, -4.97523427e-01, -1.24285743e-01,
        -2.35688552e-01,  2.12738544e-01, -1.04240030e-01, -2.37706274e-01,
         1.25890911e-01,  4.26984936e-01,  1.68026835e-01, -4.22651842e-02,
        -8.52957666e-02, -1.09788224e-01,  1.52444676e-01, -2.28943780e-01,
         9.99951303e-01,  3.68825376e-01,  5.35399020e-02, -1.72240406e-01,
         2.45250434e-01, -5.06808043e-01, -3.43040496e-01, -3.03064704e-01,
        -3.13720167e-01, -4.77781594e-01,  2.07251951e-01,  2.09719762e-01,
         1.53518200e-01, -1.87605500e-01, -1.33516669e-01, -2.02740386e-01,
         2.28981987e-01, -5.47185659e-01, -2.87118524e-01,  3.15580666e-01,
         1.22456282e-01,  2.18537673e-01,  2.43831184e-02,  2.96040237e-01,
         2.16358066e-01, -3.57102484e-01,  1.26566648e-01,  3.49922448e-01,
         1.97850570e-01, -1.37373045e-01,  1.00256190e-01,  1.76244900e-02,
         1.97887763e-01, -6.94621801e-02, -1.66118696e-01, -3.26691493e-02,
        -1.14334568e-01, -3.77372861e-01,  3.30662094e-02, -2.04073086e-01,
        -1.59111694e-01,  1.10337272e-01,  5.46603352e-02,  2.37424031e-01,
        -2.61074036e-01,  2.24584088e-01,  1.78102374e-01, -8.40233341e-02,
        -4.10090953e-01,  2.64578968e-01,  2.83951610e-01,  2.11891830e-01,
         1.31962970e-01,  1.92568347e-01, -1.38834519e-02,  2.37559631e-01,
        -7.79423714e-02, -2.39520401e-01,  1.30494177e-01,  2.05287516e-01,
         3.26298416e-01, -3.85259241e-02, -4.14708734e-01, -2.22264633e-01,
         4.03918803e-01,  3.45411211e-01, -2.50308752e-01,  2.31534049e-01,
         1.83367938e-01, -2.52584159e-01, -3.38572189e-02,  2.76171118e-01,
        -1.49709418e-01, -8.85704607e-02, -3.49918693e-01, -1.55279428e-01,
         5.71859404e-02,  2.48793453e-01,  1.17126957e-01,  1.27688304e-01,
         2.18872324e-01, -1.94430932e-01, -6.39129207e-02, -1.57940909e-01,
         1.29250109e-01,  3.11940044e-01, -1.28753439e-01,  5.79781950e-01,
        -1.19057216e-01,  9.09070000e-02, -3.28577489e-01, -2.26778239e-01,
         2.64150709e-01, -2.12713212e-01,  2.87643135e-01,  8.27723742e-01,
         6.57537133e-02, -1.53881073e-01,  7.74825290e-02,  2.71108806e-01,
         1.65576637e-01, -2.51348644e-01, -7.29050254e-03, -5.18682122e-01,
         4.63935941e-01,  1.56979665e-01,  8.14421326e-02, -9.99960959e-01,
         2.26521716e-01,  1.88919112e-01,  3.77733320e-01,  1.89570915e-02,
         2.05693930e-01,  1.89768076e-01,  1.66774124e-01,  7.17587829e-01,
        -2.87288964e-01, -2.96358645e-01, -1.85678646e-01, -1.43027425e-01,
        -3.70851457e-01, -8.19104910e-02, -2.56713599e-01, -2.32032463e-01,
        -2.66288072e-02, -1.42358243e-04, -5.58798835e-02,  1.69913962e-01,
         2.89222360e-01, -9.51182187e-01,  5.53832710e-01,  1.12521842e-01,
        -1.61195874e-01,  9.01290476e-02,  2.21774518e-01, -9.99960244e-01,
         1.34492636e-01, -2.37087905e-01, -6.32280111e-02,  2.51352817e-01,
        -3.46378148e-01, -2.15448231e-01,  3.14108819e-01,  3.33239168e-01,
         2.73603886e-01,  1.66077331e-01,  2.78319925e-01,  4.85981554e-01,
        -6.80416077e-02,  1.84421331e-01,  2.09510580e-01, -2.25472063e-01,
         3.47156852e-01, -3.77988741e-02,  4.01049517e-02,  3.27716410e-01,
        -1.96933419e-01,  2.69962698e-01, -2.05210552e-01,  1.75920337e-01,
         2.58032203e-01,  7.77675062e-02,  8.37154016e-02, -1.19011097e-01,
         2.06706896e-01, -5.56492209e-01,  1.06089763e-01, -3.40685040e-01,
         1.35625213e-01,  1.04481205e-02,  7.06129596e-02, -2.36246735e-01,
        -2.58394629e-01,  1.58103436e-01, -1.28505558e-01,  9.99970853e-01,
         1.86306655e-01, -3.53366323e-02, -1.85871080e-01,  4.20068979e-01,
         3.46257865e-01, -1.76577240e-01, -1.53313786e-01, -8.59950855e-02,
         4.51694310e-01,  2.24690780e-01,  1.50154024e-01, -3.72175537e-02,
        -7.67444968e-02,  1.86187819e-01, -1.26104772e-01, -1.60820201e-01,
         1.58749804e-01, -1.91586673e-01,  1.23575956e-01, -5.38225584e-02,
        -2.54724503e-01,  1.04414552e-01, -1.81582764e-01, -9.11021009e-02,
        -4.73468393e-01,  1.23664208e-01,  1.61793500e-01,  1.08879469e-01,
         5.02482504e-02,  1.47754833e-01, -1.46315441e-01,  3.35236460e-01,
         2.17997044e-01,  3.39711234e-02, -2.97898173e-01, -2.66338050e-01,
        -1.74113736e-01, -1.41864628e-01, -2.54017770e-01, -2.24249676e-01,
         2.15043858e-01, -5.17440557e-01,  9.33931544e-02,  4.09968896e-03,
        -1.70136075e-02, -2.35002100e-01,  2.33906254e-01, -9.99969184e-01,
        -1.68389887e-01,  3.06241125e-01, -2.46095255e-01,  2.34776989e-01,
        -2.25469291e-01, -1.45474210e-01,  2.52673864e-01,  2.71353513e-01,
         4.05868590e-02,  5.53684458e-02, -2.99293220e-01, -5.83644584e-02,
        -1.04208119e-01,  1.16928935e-01,  6.37635529e-01,  4.03523743e-01,
         5.21130189e-02, -5.94578087e-02,  1.56895723e-02, -4.36913788e-01,
        -2.22155228e-01,  3.17776352e-01,  1.07257560e-01, -1.36287659e-01,
         3.55747491e-02,  6.34948462e-02,  1.02502011e-01, -9.52949077e-02,
         2.56063640e-01, -1.58764422e-01, -1.63068205e-01,  1.99250400e-01,
        -3.11620813e-02, -2.30018944e-01, -7.38827512e-02,  3.19578528e-01,
        -2.70091772e-01,  2.08645657e-01,  4.34384681e-02,  2.10429579e-01,
         1.42722711e-01,  2.27404907e-01, -1.91342920e-01,  8.52290541e-02,
        -1.77729636e-01,  8.87034014e-02, -3.18379611e-01, -2.46728778e-01,
         2.11089589e-02,  9.99971628e-01,  2.71704495e-01,  1.97570682e-01,
        -3.01365852e-01,  1.51743487e-01,  1.93464726e-01, -3.05148840e-01,
         9.47484002e-02,  5.51050603e-02,  1.15365483e-01, -1.56503499e-01,
         5.03743477e-02,  1.10034449e-02,  2.70087451e-01,  1.38952211e-01,
         2.41520151e-01,  2.84412295e-01, -4.00330305e-01,  3.84916067e-01,
        -1.47682488e-01, -3.53199780e-01, -9.63449359e-01,  5.72077073e-02,
         2.14357987e-01, -1.33031189e-01, -2.22778693e-01,  1.05186731e-01,
        -2.49366224e-01,  9.96904001e-02, -2.45668441e-01,  1.97221100e-01,
         6.29297793e-02, -8.70134234e-02,  1.85670614e-01, -2.07225069e-01,
         9.99962032e-01, -6.30032793e-02,  1.57723814e-01,  2.12617323e-01,
         1.97819844e-01, -5.84911779e-02, -1.30164877e-01, -1.46139404e-02,
         3.85573149e-01, -3.42102759e-02,  3.48055959e-02, -7.69661129e-01,
         2.60261506e-01,  8.93477201e-02,  3.61684412e-01, -1.09071970e-01,
         2.15949759e-01, -3.02865803e-01,  2.97774673e-01,  7.17866719e-02,
        -1.71592146e-01, -2.77413249e-01,  2.38012969e-01, -3.10812086e-01,
         3.52923512e-01, -1.72535643e-01,  1.20957106e-01, -1.72488496e-01,
        -2.21986733e-02,  4.72510420e-03,  2.45284155e-01, -9.34553668e-02,
        -4.53445874e-02, -1.79143529e-02,  7.84036797e-03, -1.67000011e-01,
         1.26798064e-01, -4.21391934e-01,  9.99959052e-01, -3.76158729e-02,
         8.28199089e-02, -1.28572017e-01,  2.36543834e-01, -1.43992975e-01,
         1.80656835e-01,  4.37809408e-01, -1.95052370e-01,  2.55902290e-01,
         2.52575278e-01, -4.25579756e-01,  1.87595293e-01, -9.58232060e-02,
        -3.13593060e-01, -1.45091981e-01,  7.97879279e-01, -1.58918574e-01,
         3.35893184e-01,  2.24390998e-01,  1.30255714e-01, -4.54717614e-02,
        -9.34348553e-02,  1.64591715e-01,  5.91945827e-01,  1.67959273e-01,
         1.96133852e-01,  1.87141284e-01,  1.65286288e-01, -3.57037514e-01,
        -1.58429176e-01,  9.99959290e-01,  9.99965310e-01,  4.00162749e-02,
         1.89908355e-01, -2.90272802e-01, -8.97933245e-02, -2.11730942e-01,
         2.28438258e-01,  1.74812585e-01,  1.03882536e-01, -1.25062793e-01,
        -5.23974709e-02, -2.56964386e-01, -3.09688777e-01, -5.72121777e-02,
         3.85009684e-02, -5.80892786e-02,  8.83201510e-02, -2.99903363e-01,
         2.40697384e-01,  2.76334941e-01,  8.48190188e-02,  1.98949724e-01,
         1.33525729e-01,  1.12013608e-01, -6.26405329e-02, -6.10866658e-02,
         3.09095830e-01, -1.08982749e-01,  3.04648224e-02, -2.68055320e-01,
         9.42768380e-02, -9.99956906e-01, -9.70478728e-02, -1.62146166e-01,
        -1.69054568e-01,  4.32280451e-01,  1.79500252e-01,  5.00811115e-02,
        -1.93079218e-01, -1.53045520e-01, -3.29588324e-01,  2.28213966e-01,
         1.41634583e-01,  3.46083343e-02, -1.50766432e-01, -2.99469084e-01,
         3.38559747e-01, -3.01586717e-01,  1.26230851e-01, -2.47375697e-01,
        -2.81718314e-01, -4.25378770e-01, -2.54019022e-01, -2.89919883e-01,
         2.63495177e-01, -1.51173562e-01, -5.14829066e-03,  1.98054001e-01,
         1.24151692e-01,  1.78832516e-01, -2.45759979e-01,  3.07911396e-01,
        -3.05626154e-01,  1.92621320e-01,  1.92073256e-01,  1.86457098e-01,
         1.36745259e-01, -1.70881674e-01, -3.21938485e-01, -1.14332236e-01,
        -1.76920682e-01, -5.57063669e-02,  1.49901628e-01, -1.48730159e-01,
         1.22126319e-01, -1.21561274e-01,  1.83179528e-01, -1.50569007e-01,
         9.57797319e-02,  3.25979292e-01,  3.22212547e-01, -2.00503439e-01,
         2.61904657e-01,  1.62620530e-01, -7.52801299e-02,  3.89038980e-01,
         9.46248472e-02, -6.20904304e-02, -1.28380194e-01,  9.99973774e-01,
         3.14937949e-01,  6.63550943e-02,  1.79192185e-01,  2.36341786e-02,
         2.10763112e-01,  1.78110212e-01,  3.68524551e-01, -1.35064334e-01,
         5.20309329e-01, -1.80158034e-01,  1.94096178e-01,  1.99600250e-01,
         2.50937998e-01,  5.08610047e-02,  2.38339558e-01,  2.07348675e-01,
         4.88209277e-01,  2.23028988e-01,  2.01132715e-01,  1.77095369e-01,
         1.19611368e-01,  1.94881976e-01,  1.80381596e-01,  8.68794248e-02,
         2.58217990e-01,  9.70462039e-02, -2.22699866e-01,  1.95542097e-01,
        -9.93040204e-02,  3.50777106e-03,  5.69199584e-03, -4.24365066e-02,
        -2.42351040e-01,  6.54168203e-02, -8.34295824e-02, -1.40436947e-01,
        -1.98247075e-01,  1.54263198e-01, -1.72266707e-01,  2.57877678e-01,
        -6.61849007e-02, -1.73647687e-01,  4.21322584e-01, -3.80829364e-01,
         1.93287715e-01, -1.34803444e-01,  5.18186763e-02, -5.69067419e-01,
         1.98034063e-01, -1.32230461e-01, -3.45205158e-01, -6.43735677e-02,
        -2.93025702e-01,  2.83558309e-01,  2.37823516e-01, -4.99157608e-02,
         1.96907178e-01, -1.16544127e-01,  2.38518953e-01, -1.55729294e-01,
        -3.05595934e-01,  3.94150838e-02, -9.99968231e-01,  3.26596737e-01,
         1.73076436e-01, -1.95690483e-01,  2.25835405e-02, -1.78979903e-01,
         2.52319455e-01,  1.64285898e-01, -2.46106371e-01, -1.53608516e-01,
        -4.60814871e-02,  1.58593506e-01, -2.40346879e-01, -5.27190156e-02,
         1.28202856e-01, -3.18126261e-01, -3.04720014e-01, -3.55221108e-02,
        -1.16842642e-01,  1.58893764e-01,  2.13130519e-01, -3.40770870e-01,
         8.79188552e-02, -2.33548135e-01,  2.30151176e-01, -1.36339543e-02,
         1.54718250e-01, -4.60903011e-02, -1.96290836e-01,  5.71409799e-02,
        -3.13630342e-01, -2.65690893e-01, -2.07019314e-01,  1.80387318e-01,
        -2.11271271e-01,  8.77278000e-02,  1.46856934e-01, -1.08153313e-01,
         2.78939992e-01, -2.25146919e-01,  2.94297546e-01, -3.25495452e-01,
         3.13132524e-01, -6.02417886e-01, -1.92963377e-01, -3.65409821e-01,
        -1.82125285e-01,  2.98840463e-01,  2.42246121e-01,  8.39711726e-02,
         1.62259072e-01, -7.20805004e-02,  2.11919546e-01,  1.69550404e-02,
         9.00159478e-02,  1.46328703e-01, -1.38029695e-01,  9.48152840e-02,
        -2.50818789e-01,  2.14282677e-01, -9.58937407e-02, -2.79996507e-02,
        -9.43840802e-01, -5.05886367e-03,  1.08178392e-01,  2.05609500e-01,
         3.49716663e-01, -1.94251716e-01,  1.78994983e-02, -2.30898410e-01,
        -5.70939295e-02, -7.59595782e-02,  1.51098892e-01,  1.38806373e-01,
        -3.41716707e-02,  2.01372340e-01, -3.02797288e-01,  3.02803461e-02,
         4.61205721e-01, -2.14411676e-01, -3.65299508e-02,  3.33960831e-01,
         2.87828803e-01,  4.47047442e-01,  1.16034344e-01,  2.85103261e-01,
         7.85882846e-02, -3.40912074e-01,  2.02748582e-01,  3.28313820e-02],
       dtype=float32)}